Seed 0
Mean Reward of every SingleTexture snapshot:  [2.4840319361277445, 7.486, 11.37, 11.401, 11.331, 11.424, 13.057, 13.233, 12.905, 12.978, 9.782, 12.268731268731269, 12.046, 11.111, 10.594, 9.77, 11.415, 11.093, 11.714, 9.888, 10.875]
Max Reward:  13.233

Seed 1
Mean Reward of every SingleTexture snapshot:  [2.441, 6.121, 10.584, 9.769, 12.234, 12.794, 12.23, 12.47952047952048, 12.337, 12.696, 12.891, 12.539, 12.042, 14.08, 12.709, 13.111, 12.542, 12.502, 12.577, 12.933, 13.222]
Max Reward:  14.08

Seed 2
Mean Reward of every SingleTexture snapshot:  [2.364, 7.846, 7.487, 7.55044955044955, 9.189, 9.373, 9.047, 9.561, 10.076, 11.896, 10.513486513486514, 11.839, 11.535, 11.818, 9.63, 12.718, 12.648, 11.61, 12.833, 13.197, 11.802]
Max Reward:  13.197

Mean of 3 seeds
[2.4296773120425814, 7.151, 9.813666666666668, 9.573483183483184, 10.918, 11.197000000000001, 11.444666666666668, 11.757840159840159, 11.772666666666666, 12.523333333333333, 11.062162171162171, 12.215577089577089, 11.874333333333334, 12.336333333333334, 10.977666666666666, 11.866333333333335, 12.201666666666668, 11.735, 12.374666666666668, 12.006, 11.966333333333333]


Std devn of 3 seeds
[0.049652585495484146, 0.7430006729472051, 1.676202520248937, 1.5780483326541777, 1.2769581042461808, 1.4058110351916677, 1.7286962974706948, 1.5835640946633467, 1.2219286213014058, 0.4582876340853581, 1.327216129848328, 0.28823488693675475, 0.239950457849578, 1.2662917866309047, 1.2859394317860469, 1.4909890080822943, 0.5579380690443063, 0.5819730807062016, 0.4787096081017058, 1.5015252245633435, 0.9651792004021266]


Max Mean Reward of 3 Seeds: 13.503 